20 12
    0  -11    0  -11    0    0    1    0    0  -11    5  -11    0    0    0  -11    0    0  -11  -99
    0  -11    0    3    0  -11  -11  -11    1  -11    0  -11    0  -11    0    0    0    0  -11    0
    0  -11    0  -11    0    0  -11    0    0    4    1    0    0  -11  -11  -11  -11    0  -11    0
    0  -11    0  -11    0  -11  -11    0  -11  -11  -11  -11   -5  -11    0  -11    0    0  -11    0
    0  -11    0  -11    0  -11    0    0  -11    0    0  -11    0  -11    0   -1   -1    0  -11    0
    9   17    0  -11    0    2    0  -11    0    0    0  -11    0    0    0  -11  -11    0  -11    0
    0  -11   -1  -11    0  -11    0    3    1  -11    0  -11    0  -11  -11  -11    0    0  -11    0
    0  -11    0  -11  -11  -11    0  -11    0  -11    0    1    1  -11    0  -11  -11    0  -11    0
    0  -11    0    2    0    0    0  -11    0  -11    0  -11    0    0    0  -11  -11    0    0    3
    1    0    0  -11    0    0    0  -11    0  -11    0  -11  -11  -11    2    0    0   10  -11    0
  -11  -11  -11  -11  -11  -11    0  -11    0  -11    0  -11    0    0    5  -11  -11    0  -11    0
  100    0    0    0    0    0    0    0    0  -11    0    0    0  -11    0  -11  -11    0    0    5